LGALS3 KLK11 CSF1 CXCL1 IL18 ADM IL6R MMP3 HSPB1 MMP1 CHI3L1 IL1RL1 HAVCR1 THBD IL16 MMP10 CTSD CXCL6 CXCL16 MMP12 SPON1 CX3CL1 NPPB
rs11225399 0.0298 0.0298 0.0298 0.0298 0.0298 0.0298 0.0298 0.0296 0.0297 0.0298 0.0298 0.0297 0.0298 0.0298 0.0298 0.0295 0.0298 0.0298 0.0298 0.0297 0.0298 0.0298 0.0297
rs116187470 0.0347 0.0347 0.0347 0.0347 0.0347 0.0347 0.0347 0.0341 0.0347 0.0347 0.0347 0.0347 0.0347 0.0347 0.0347 0.0347 0.0348 0.0347 0.0347 0.0329 0.0347 0.0347 0.0346
rs1580006 0.0243 0.0243 0.0243 0.0243 0.0243 0.0241 0.0243 0.0242 0.0243 0.0243 0.0243 0.0243 0.0243 0.0243 0.0243 0.0243 0.0243 0.0243 0.0243 0.0243 0.0243 0.0243 0.0243
rs1969539 0.0257 0.0257 0.0257 0.0257 0.0257 0.0257 0.0257 0.0256 0.0257 0.0257 0.0257 0.0256 0.0257 0.0257 0.0257 0.0257 0.0257 0.0257 0.0257 0.0256 0.0253 0.0257 0.0257
rs34393565 0.0343 0.0343 0.0343 0.0343 0.0343 0.0343 0.0343 0.0341 0.0343 0.0343 0.0343 0.0342 0.0343 0.0343 0.0343 0.0343 0.0341 0.0342 0.0343 0.0342 0.0343 0.0343 0.0342
rs471994 0.0259 0.0259 0.0259 0.0259 0.0259 0.0259 0.0259 0.0251 0.0259 0.0253 0.0259 0.0258 0.0259 0.0259 0.0259 0.0259 0.0259 0.0259 0.0259 0.0257 0.0259 0.0259 0.0258
rs481814 0.054 0.0541 0.054 0.054 0.054 0.0541 0.054 0.0536 0.054 0.0537 0.0541 0.0539 0.0541 0.0541 0.0541 0.0541 0.0541 0.054 0.054 0.0534 0.054 0.054 0.054
rs56105155 0.0426 0.0426 0.0426 0.0426 0.0426 0.0426 0.0426 0.0424 0.0426 0.0426 0.0426 0.0425 0.0426 0.0426 0.0426 0.0426 0.0426 0.0426 0.0426 0.0423 0.0426 0.0426 0.0426
rs61868977 0.0263 0.0263 0.0263 0.0263 0.0263 0.0263 0.0263 0.0262 0.0263 0.0263 0.0263 0.0263 0.0263 0.0263 0.0263 0.0263 0.0262 0.0263 0.0263 0.0263 0.0263 0.0263 0.0263
rs75649625 0.0306 0.0305 0.0305 0.0305 0.0301 0.0306 0.0305 0.0304 0.0305 0.0306 0.0306 0.0305 0.0306 0.0306 0.0306 0.0306 0.0306 0.0305 0.0305 0.0305 0.0305 0.0305 0.0305
rs7943617 0.0313 0.0312 0.0312 0.0312 0.0312 0.0312 0.0312 0.0311 0.0312 0.0313 0.0312 0.0312 0.0312 0.0313 0.0313 0.0312 0.0308 0.0312 0.0312 0.0312 0.0312 0.0312 0.0312
rs7946057 0.0247 0.0247 0.0247 0.0247 0.0247 0.0247 0.0247 0.0229 0.0247 0.0244 0.0247 0.0247 0.0247 0.0247 0.0247 0.0247 0.0247 0.0247 0.0247 0.0244 0.0247 0.0247 0.0247
rs113299890 0.0444 0.046 0.046 0.046 0.046 0.046 0.046 0.0459 0.046 0.046 0.046 0.0459 0.046 0.046 0.046 0.046 0.0461 0.046 0.046 0.0459 0.046 0.046 0.0459
rs1048328 0.0421 0.0414 0.042 0.042 0.0421 0.0421 0.0421 0.0419 0.042 0.0421 0.0421 0.042 0.042 0.0421 0.0421 0.0421 0.0421 0.042 0.0421 0.042 0.042 0.0421 0.042
rs11084045 0.0614 0.0604 0.0614 0.0614 0.0614 0.0614 0.0614 0.0611 0.0613 0.0614 0.0614 0.0612 0.0614 0.0614 0.0614 0.0614 0.0614 0.0614 0.0614 0.0612 0.0614 0.0614 0.0613
rs10920579 0.0297 0.0297 0.0297 0.0297 0.0297 0.0297 0.0297 0.0296 0.0297 0.0297 0.0277 0.0296 0.0297 0.0297 0.0297 0.0297 0.0297 0.0297 0.0297 0.0296 0.0297 0.0297 0.0297
rs12127600 0.0273 0.0273 0.0272 0.0272 0.0273 0.0273 0.0271 0.0272 0.0272 0.0273 0.0273 0.0272 0.0273 0.0272 0.0273 0.0273 0.0273 0.0272 0.0273 0.0272 0.0272 0.0273 0.0272
rs17610659 0.0246 0.0246 0.0245 0.0246 0.0246 0.0246 0.0246 0.0245 0.0246 0.0246 0.0246 0.0246 0.0246 0.0246 0.0246 0.0246 0.0246 0.0246 0.0246 0.0246 0.0246 0.0246 0.0246
rs198379 0.0252 0.0252 0.0251 0.0251 0.0251 0.0252 0.0252 0.0251 0.0251 0.0252 0.0252 0.0251 0.0252 0.0252 0.0252 0.0252 0.0252 0.0251 0.0252 0.0251 0.0252 0.0252 0.0247
rs4129267 0.0254 0.0254 0.0253 0.0253 0.0254 0.0254 0.0212 0.0253 0.0253 0.0254 0.0254 0.0253 0.0254 0.0254 0.0254 0.0254 0.0254 0.0253 0.0254 0.0253 0.0253 0.0254 0.0253
rs549596 0.0251 0.0251 0.025 0.025 0.025 0.0251 0.025 0.025 0.025 0.0251 0.0251 0.025 0.0251 0.025 0.0251 0.0251 0.0251 0.025 0.0251 0.025 0.025 0.0251 0.0247
rs7533952 0.0263 0.0263 0.0263 0.0263 0.0263 0.0263 0.0261 0.0262 0.0263 0.0263 0.0263 0.0262 0.0263 0.0263 0.0263 0.0263 0.0263 0.0262 0.0263 0.0262 0.0263 0.0263 0.0262
rs16850178 0.0603 0.0603 0.0603 0.0599 0.0603 0.0603 0.0603 0.0601 0.0603 0.0603 0.0603 0.0601 0.0603 0.0603 0.0603 0.0603 0.0603 0.0603 0.0603 0.0602 0.0603 0.0603 0.0602
rs2886922 0.0263 0.0263 0.0263 0.0263 0.0263 0.0263 0.0263 0.0262 0.0263 0.0263 0.0263 0.0263 0.0263 0.0263 0.0263 0.0263 0.0263 0.0256 0.0263 0.0263 0.0263 0.0263 0.0263
rs2868371 0.0296 0.0296 0.0296 0.0296 0.0296 0.0296 0.0296 0.0295 0.0293 0.0297 0.0296 0.0296 0.0296 0.0296 0.0296 0.0297 0.0297 0.0296 0.0296 0.0296 0.0296 0.0296 0.0296
rs1420101 0.0248 0.0248 0.0248 0.0248 0.0248 0.0248 0.0248 0.0247 0.0248 0.0248 0.0248 0.0227 0.0248 0.0248 0.0248 0.0248 0.0248 0.0248 0.0248 0.0248 0.0248 0.0248 0.0248
rs2241132 0.0336 0.0336 0.0336 0.0336 0.0336 0.0336 0.0336 0.0335 0.0336 0.0336 0.0336 0.0333 0.0336 0.0336 0.0336 0.0336 0.0336 0.0336 0.0336 0.0335 0.0336 0.0336 0.0336
rs4235719 0.0246 0.0246 0.0246 0.0246 0.0246 0.0246 0.0246 0.0245 0.0246 0.0246 0.0246 0.0246 0.0243 0.0246 0.0246 0.0246 0.0246 0.0246 0.0246 0.0246 0.0246 0.0246 0.0246
rs6555820 0.0239 0.0239 0.0239 0.0239 0.0239 0.0239 0.0239 0.0238 0.0239 0.0239 0.0239 0.0239 0.0226 0.0239 0.0239 0.0239 0.0239 0.0239 0.0239 0.0239 0.0239 0.0239 0.0239
rs3176123 0.0301 0.0301 0.0301 0.0301 0.0301 0.0301 0.0301 0.03 0.0301 0.0301 0.0301 0.03 0.0301 0.0296 0.0301 0.0301 0.0301 0.0301 0.0301 0.03 0.0301 0.0301 0.03
rs17875523 0.0526 0.0526 0.0526 0.0526 0.0526 0.0526 0.0526 0.0524 0.0525 0.0526 0.0526 0.0524 0.0526 0.0526 0.0505 0.0526 0.0526 0.0525 0.0526 0.0525 0.0525 0.0525 0.0525
rs35045092 0.0322 0.0322 0.0322 0.0322 0.0322 0.0322 0.0322 0.0321 0.0322 0.0323 0.0322 0.0322 0.0322 0.0322 0.0322 0.0322 0.0323 0.0322 0.0321 0.0322 0.0322 0.0322 0.0322
rs670211 0.0269 0.0269 0.0269 0.0269 0.0269 0.0269 0.0269 0.0268 0.0269 0.0269 0.0269 0.0268 0.0269 0.0269 0.0269 0.0269 0.0269 0.0269 0.0269 0.0268 0.0269 0.0267 0.0268
