LGALS3 KLK11 CSF1 CXCL1 IL18 ADM IL6R MMP3 HSPB1 MMP1 CHI3L1 IL1RL1 HAVCR1 THBD IL16 MMP10 CTSD CXCL6 CXCL16 MMP12 SPON1 CX3CL1 NPPB
rs11225399 0.0066 0.0316 0.0283 -0.0436 -0.0068 0.0347 -0.0283 0.147 -0.0538 -0.0661 0.0447 0.0544 0.0251 0.0263 0.0067 0.2414 -0.0066 -0.0403 0.0459 -0.0308 0.0359 0.0272 0.0395
rs116187470 0.0113 -0.0037 -0.0183 0.0165 0.029 0.0077 0.0265 -0.329 -0.0309 -0.0901 1e-04 0.0041 0.0178 -0.0277 -0.014 0.1348 0.0309 0.0013 0.0288 0.6423 0.035 -0.0239 -0.0989
rs1580006 -0.0328 -0.0089 -0.0124 -0.0171 -0.0413 -0.1923 0.0091 0.0087 -0.0023 -0.0211 -0.0345 -0.0167 0.0205 -0.0274 0.0146 0.0125 -0.0449 -0.0236 -0.0424 -0.0309 -0.0225 -0.0244 -0.0381
rs1969539 -0.0102 -0.0327 -0.0273 0.0188 -0.0184 -0.0221 0.0162 -0.0131 -0.0305 -0.0148 -0.0283 2e-04 -0.0356 -0.0491 -0.0494 -0.028 -0.0397 0.0091 -0.0323 -0.0529 -0.2493 -0.0357 0.0111
rs34393565 0.0765 -2e-04 0.0501 0.0499 0.0496 0.0314 0.0209 0.033 0.0057 0.079 0.0223 0.0711 0.0673 0.0491 0.0445 0.0184 0.2056 0.0604 0.0421 0.0373 0.0656 0.0391 0.0011
rs471994 -0.0235 -0.0182 0.0258 -0.005 -0.0126 -0.0288 -0.0056 -0.3583 0.0321 0.3179 -0.0095 0.0328 0.028 0.0077 0.0029 0 -1e-04 -0.0316 -0.0452 -0.1619 -0.0239 -0.0211 0.0416
rs481814 -0.0885 0.0313 -0.0189 -0.0335 0.0091 0.0181 -0.0564 -0.321 -0.0595 0.3677 0.0592 0.0921 0.0184 0.0034 0.0384 -0.0223 0.0476 -0.1112 -0.1067 -0.4251 -0.0191 0.0401 -0.034
rs56105155 0.0103 0.0555 0.0603 0.0298 0.0595 0.0396 0.041 -0.0966 0.0176 0.0166 0.0675 0.0138 0.041 0.0558 0.0832 -0.0119 0.0822 0.0595 0.0558 0.24 0.0545 0.0432 0.0392
rs61868977 0.0212 0.0058 0.0248 -2e-04 0.0383 0.0082 0.0033 0.0097 -0.0319 -0.03 0.023 -0.0018 0.0274 0.0309 0.0159 0.0276 -0.1604 -0.0384 0.0394 0.0069 0.0181 0.0538 0.0242
rs75649625 -0.021 -0.0461 0.0132 0.0116 0.2894 -0.0103 0.0224 0.0149 0.0401 -0.0089 0.0336 0.0225 -0.0038 -0.0109 0.0235 0.0445 -0.0066 -0.0051 -0.0315 0.0267 0.0075 -0.0231 0.0326
rs7943617 0.0107 -0.0055 -0.0064 -0.003 0.0571 -0.0192 -0.0185 -0.0476 0.0247 -0.0014 -0.0269 0.0208 -0.0525 0.0106 -0.0173 -0.0489 0.3253 -0.0044 0.0092 -0.0275 -0.0121 -0.0082 0.006
rs7946057 0.0159 0.0187 -0.0146 -0.0107 -7e-04 0.0214 -0.0131 0.5262 -0.0144 -0.2356 0.0109 -0.0308 -0.0285 0.0075 0.006 -0.0852 -0.022 0.0241 0.0241 -0.1963 0.005 0.0371 0.0196
rs113299890 0.705 -0.0013 -0.0457 0.0122 0.001 0.0227 0.0167 -0.0063 -0.0036 0.0191 -0.0378 -0.0188 -0.0353 -0.0437 -0.0257 -0.0361 0.0337 0.0119 -0.0182 9e-04 -0.0959 -0.0455 -0.0936
rs1048328 -0.0407 0.4354 -0.0061 -0.0756 -0.0145 0.0358 -0.0195 -0.0228 -0.0253 -0.057 0.0385 -0.001 0.0691 -0.0281 0.0073 -0.0047 -0.01 -0.0013 0.0023 0.0316 -0.0124 0.0132 -0.0119
rs11084045 -0.0041 0.6325 -0.0045 0.0144 -0.0225 -0.075 0.038 0.0091 0.0312 0.0653 -0.0503 -0.0676 -0.0373 -0.0326 -0.005 0.0015 -0.0401 -0.0055 0.0337 -0.0257 -0.0636 0.0101 0.0472
rs10920579 0.0406 -0.0124 0.0518 0.0369 0.0036 0.009 -0.0324 0.0302 0.0371 0.0123 0.6325 0.0126 0.0518 0.008 0.0323 -0.0151 -0.0143 0.004 0.013 -0.0021 0.0199 -0.0279 -0.0175
rs12127600 -0.0331 -0.0158 -0.0251 0.0207 0.014 0.0143 -0.1505 -0.025 0.0189 0.0165 0.012 -0.0014 -0.0088 -0.0577 -0.0119 0.0068 0.004 0.0311 -0.0326 -0.0145 -0.0262 -0.0067 0.0361
rs17610659 -0.0313 -0.0406 0.1517 -0.0464 0.0438 -0.0087 -0.0238 -0.0211 -0.0211 0.0272 0.0096 0.0221 -0.0118 0.0205 0.0133 -0.0118 -0.0019 -0.0226 -0.008 -0.006 -0.0176 0.0053 -0.0136
rs198379 0.0072 -0.0032 0.0362 0.0093 0.0689 0.0214 0.0147 0.0047 -0.0132 -0.0318 -0.0243 -0.0195 0.0239 0.0362 0.0039 1e-04 0.0125 4e-04 0.0157 -0.0074 0.0037 0.0142 -0.256
rs4129267 3e-04 0.0265 0.0417 -0.0244 -0.001 -0.0159 -0.8092 0.0012 -0.0075 0.003 0.0234 0.0139 0.0196 0.0114 0.0325 0.0358 0.0169 -0.031 -0.0105 0.0759 -1e-04 -0.0213 0.029
rs549596 0.0161 -0.0046 0.0424 0.0197 0.0764 0.0256 0.0194 0.0086 0.005 -0.0294 -0.0302 -0.0186 0.0198 0.04 0.0167 0.0071 0.0111 0.007 0.0169 -0.0056 0.0056 0.0151 -0.2473
rs7533952 -0.0378 -0.0201 -0.0338 0.0266 -0.0351 -0.0328 -0.1592 0.0157 0.0054 0.0634 0.0115 -0.0135 0.0023 -0.0322 -0.0105 -0.0387 -0.0336 0.044 -0.0406 -0.0239 -0.043 0.0074 0.0102
rs16850178 0.0404 -0.0132 0.0281 -0.3659 0.0196 -0.0063 0.1025 8e-04 0.0036 0.0838 -0.0556 -0.0696 -0.0039 0.0101 0.0228 0.0708 0.0502 0.0437 0.0106 0.004 0.0026 -0.0325 0.0163
rs2886922 -0.0198 0.016 0.0542 0.0401 0.0261 -0.0092 -0.0399 0.0274 0.0373 0.047 -0.0202 0.0117 0.0189 0.0183 0.046 0.0595 -0.0064 -0.3474 -0.0333 -0.0031 -0.004 0.0443 0.019
rs2868371 0.0021 0.0035 0.0092 -0.0173 -0.0445 0.0201 -0.0298 -0.0283 0.2456 0.0172 -0.0508 0.0045 -0.0275 0.0323 0.0323 0.0173 -0.0164 -0.0339 -0.007 0.0357 -0.0059 0.0231 -0.0052
rs1420101 -0.0215 -0.0383 0.0022 -0.0321 -0.007 -0.0021 -0.0111 -0.0075 -0.0067 -0.0502 -0.0303 0.5805 -3e-04 0.001 -0.0231 -0.0283 0.0103 -0.0157 -0.0291 -0.0042 -0.0286 -0.0164 -0.0146
rs2241132 0.006 -0.033 -0.0389 -0.0458 -0.0065 -0.0376 0.0236 0.0075 0.0051 -0.055 -0.0373 0.235 -0.0033 -0.031 -0.0475 0.016 -0.0465 -0.0207 -0.04 -0.0648 0.0029 -0.0186 -0.0503
rs4235719 -0.0205 -0.0015 -0.0216 0.007 0.007 6e-04 -0.002 -0.011 0.0131 0.0303 -0.0105 0.0256 0.2236 -0.0109 -0.0088 0.003 -0.0255 0.0081 -0.0051 -0.0195 0.0026 -0.0195 0.0369
rs6555820 0.0221 0.0256 0.0161 0.0309 0.0145 0.0299 -0.0026 -0.0317 0.0155 1e-04 0.0179 -0.0059 0.4613 0.0117 0.0242 4e-04 0.0561 0.039 0.044 -0.0075 0.0169 0.0369 -0.0085
rs3176123 0.0601 0.0215 -0.0132 0.0211 0.033 -0.0019 0.0027 0.0304 0.0129 -0.0074 0.0406 -0.0434 0.071 -0.3042 -0.0203 0.0375 0.0216 0.0095 6e-04 0.0191 0.0165 -0.0168 0.0027
rs17875523 -0.1029 -0.0641 -0.0061 0.0557 -0.0174 -0.0578 0.0185 -0.0659 0.0248 -0.0213 0.0289 -0.0176 -0.017 -0.0503 0.8574 -0.0094 0.0252 0.0659 -0.027 0.0135 -0.1181 -0.1046 -0.078
rs35045092 0.0424 0.0143 0.0745 0.065 0.0604 0.0984 0.0582 -0.0206 0.0572 0.0092 0.0478 0.0425 0.031 0.0959 0.0878 0.0631 0.0448 0.0769 0.1879 0.0284 0.0579 0.0715 0.0477
rs670211 -0.0309 0.0205 -0.0058 0.0077 0.0135 9e-04 0.0221 0.061 0.0278 -0.0107 0.0212 -0.0142 0.0062 0.0171 0.0044 -0.0229 -0.0124 0.0047 0.006 0.018 0.0207 0.1835 -0.0178
