LGALS3 KLK11 CSF1 CXCL1 IL18 ADM IL6R MMP3 HSPB1 MMP1 CHI3L1 IL1RL1 HAVCR1 THBD IL16 MMP10 CTSD CXCL6 CXCL16 MMP12 SPON1 CX3CL1 NPPB
rs11225399 0.8247 0.2882 0.3415 0.1429 0.8202 0.2434 0.3416 6.882e-07 0.07033 0.02649 0.133 0.06677 0.3983 0.377 0.8232 3.846e-16 0.8238 0.1755 0.1228 0.3005 0.2283 0.361 0.1834
rs116187470 0.745 0.915 0.5973 0.6349 0.4038 0.8248 0.4454 1.06e-21 0.3731 0.009494 0.9979 0.9049 0.608 0.425 0.6863 0.0001034 0.3742 0.9713 0.4063 9.877e-81 0.3129 0.4916 0.004338
rs1580006 0.178 0.7148 0.6105 0.4812 0.08936 2.038e-15 0.7082 0.7182 0.926 0.3865 0.1558 0.4928 0.4006 0.26 0.5489 0.6086 0.06534 0.3326 0.08156 0.2033 0.3554 0.3155 0.1163
rs1969539 0.6902 0.2032 0.2879 0.4636 0.4739 0.3895 0.5292 0.6085 0.2353 0.5638 0.2709 0.9939 0.166 0.05586 0.05468 0.2762 0.1221 0.7238 0.2082 0.03888 1.514e-22 0.1649 0.6665
rs34393565 0.02568 0.9951 0.1437 0.1449 0.1479 0.3593 0.5426 0.3334 0.8679 0.02118 0.5157 0.03751 0.04971 0.1519 0.1948 0.592 1.849e-09 0.07771 0.2197 0.275 0.05537 0.2538 0.9753
rs471994 0.3647 0.4832 0.3183 0.8471 0.6252 0.2668 0.8274 4.319e-45 0.2147 2.339e-35 0.7145 0.2047 0.2793 0.7663 0.9094 0.9994 0.996 0.223 0.08123 3.276e-10 0.3564 0.4143 0.1073
rs481814 0.1016 0.5628 0.7261 0.5358 0.8663 0.7383 0.2966 2.291e-09 0.2708 8.93e-12 0.2735 0.08778 0.7336 0.9501 0.4771 0.6802 0.379 0.03953 0.04842 2.403e-15 0.7239 0.4586 0.5285
rs56105155 0.8083 0.1928 0.1568 0.485 0.1625 0.3532 0.3357 0.02283 0.6795 0.6978 0.1135 0.7461 0.3363 0.1902 0.05106 0.7797 0.05395 0.1628 0.1904 1.544e-08 0.2008 0.3108 0.3571
rs61868977 0.4202 0.8247 0.3465 0.9927 0.1457 0.754 0.9002 0.7103 0.2258 0.2539 0.3814 0.9461 0.2985 0.2399 0.5454 0.2937 1.021e-09 0.1446 0.134 0.7923 0.4917 0.0408 0.3578
rs75649625 0.4913 0.1312 0.6649 0.7044 1.46e-21 0.7372 0.4644 0.6241 0.1886 0.7697 0.2717 0.4607 0.9004 0.7215 0.4426 0.1456 0.8298 0.8684 0.3021 0.3802 0.8068 0.4503 0.2859
rs7943617 0.7316 0.8597 0.8389 0.9233 0.06744 0.5385 0.5536 0.1258 0.4288 0.9637 0.3899 0.5044 0.09298 0.7335 0.5807 0.118 9.726e-26 0.8875 0.7676 0.3774 0.6984 0.7939 0.8487
rs7946057 0.5196 0.4502 0.5547 0.6665 0.9775 0.3865 0.5963 1.217e-108 0.5611 8.801e-22 0.6587 0.2123 0.2498 0.7613 0.8071 0.0005608 0.3731 0.3296 0.3305 1.302e-15 0.8412 0.1334 0.4261
rs113299890 8.792e-55 0.9768 0.321 0.7902 0.9825 0.6223 0.7162 0.8915 0.9383 0.6783 0.4121 0.6821 0.4435 0.3429 0.5764 0.4334 0.4643 0.7967 0.6934 0.9845 0.03717 0.3226 0.04162
rs1048328 0.3339 1.742e-25 0.8842 0.07195 0.7303 0.3948 0.6425 0.5869 0.5474 0.1755 0.3602 0.9807 0.1005 0.5044 0.8624 0.9102 0.8116 0.9747 0.9569 0.4515 0.7681 0.7534 0.777
rs11084045 0.9463 2.857e-25 0.942 0.8143 0.7141 0.222 0.5362 0.8814 0.6114 0.2873 0.4122 0.2699 0.5436 0.595 0.9349 0.9809 0.5141 0.9282 0.5833 0.6742 0.2999 0.869 0.4407
rs10920579 0.1717 0.6767 0.08111 0.2136 0.9042 0.7611 0.2753 0.3077 0.211 0.6801 8.724e-108 0.671 0.08142 0.7883 0.2766 0.6112 0.6299 0.8926 0.6623 0.9445 0.5031 0.348 0.5546
rs12127600 0.224 0.5632 0.3574 0.4474 0.6083 0.5994 3.108e-08 0.3579 0.4876 0.5443 0.6591 0.9602 0.748 0.03439 0.6638 0.8028 0.8844 0.2535 0.231 0.5941 0.3363 0.8055 0.1849
rs17610659 0.2033 0.09925 6.523e-10 0.05958 0.07535 0.724 0.3331 0.3892 0.3909 0.2701 0.6961 0.3673 0.6323 0.4043 0.5899 0.633 0.9372 0.359 0.7457 0.8076 0.4743 0.8287 0.5815
rs198379 0.7755 0.8984 0.1504 0.7114 0.006169 0.3947 0.5591 0.8515 0.5997 0.206 0.3336 0.4383 0.3429 0.1498 0.8756 0.9982 0.6188 0.9884 0.5318 0.7675 0.8834 0.5721 9.614e-25
rs4129267 0.9905 0.2953 0.09977 0.3348 0.9698 0.5318 2.194e-265 0.9628 0.7676 0.9067 0.3564 0.5819 0.4396 0.6526 0.2003 0.158 0.5053 0.2211 0.6789 0.002689 0.9975 0.4006 0.2513
rs549596 0.5197 0.8543 0.09053 0.4313 0.002287 0.3068 0.438 0.7312 0.8413 0.2409 0.2284 0.4566 0.4291 0.1105 0.5053 0.7776 0.659 0.7791 0.5011 0.8238 0.8221 0.5475 2.371e-23
rs7533952 0.1498 0.444 0.1983 0.3113 0.1812 0.2122 1.226e-09 0.5473 0.8366 0.01581 0.6621 0.6075 0.9293 0.2202 0.6883 0.1409 0.2013 0.09384 0.1222 0.3615 0.1016 0.7794 0.6967
rs16850178 0.5031 0.8272 0.641 1.154e-09 0.7445 0.9163 0.08894 0.9896 0.9527 0.1649 0.3562 0.247 0.9486 0.867 0.7057 0.2407 0.4058 0.4683 0.8607 0.9472 0.9659 0.5894 0.787
rs2886922 0.4521 0.5442 0.03949 0.1276 0.3221 0.7268 0.13 0.2969 0.1558 0.0744 0.4419 0.6553 0.4729 0.4868 0.08048 0.02385 0.8085 8.582e-41 0.2062 0.9046 0.8784 0.09267 0.4691
rs2868371 0.9425 0.9054 0.7559 0.5604 0.1329 0.497 0.3145 0.3377 7.836e-17 0.5619 0.08691 0.8786 0.3533 0.2764 0.276 0.5603 0.5798 0.2521 0.8123 0.2272 0.8409 0.4367 0.8615
rs1420101 0.3859 0.1224 0.9286 0.1963 0.7764 0.9311 0.6538 0.7602 0.7856 0.04303 0.2215 2.034e-132 0.9905 0.9671 0.3524 0.2541 0.679 0.5273 0.2407 0.8644 0.2485 0.5083 0.5571
rs2241132 0.8581 0.3261 0.2473 0.1727 0.8465 0.263 0.4821 0.8235 0.8788 0.1021 0.2668 2.016e-12 0.9214 0.3567 0.1575 0.6339 0.1666 0.5378 0.2338 0.05344 0.9318 0.5808 0.1336
rs4235719 0.4046 0.9499 0.3793 0.7764 0.7749 0.982 0.935 0.6535 0.5946 0.2181 0.6707 0.298 6.413e-20 0.6589 0.7216 0.903 0.3015 0.7433 0.8365 0.4282 0.9145 0.4275 0.1337
rs6555820 0.3556 0.2843 0.5011 0.1965 0.5452 0.2116 0.9147 0.1837 0.5177 0.9983 0.4553 0.8061 1.299e-87 0.6252 0.3124 0.9856 0.01909 0.1029 0.06573 0.7549 0.4792 0.1225 0.7216
rs3176123 0.04561 0.4757 0.6617 0.4827 0.2722 0.9485 0.928 0.3112 0.6672 0.8064 0.1771 0.148 0.01832 2.293e-24 0.5006 0.2132 0.4738 0.7525 0.9831 0.5239 0.5827 0.5773 0.9277
rs17875523 0.05035 0.2229 0.9076 0.2894 0.7412 0.2714 0.7256 0.2086 0.6371 0.6852 0.5826 0.7367 0.747 0.339 3.823e-62 0.8582 0.6314 0.21 0.6078 0.7968 0.02462 0.04652 0.1375
rs35045092 0.1885 0.6574 0.02072 0.04361 0.06112 0.002262 0.07077 0.5221 0.07599 0.7766 0.1382 0.1865 0.3365 0.002913 0.006448 0.05034 0.1653 0.01704 5.112e-09 0.3766 0.07231 0.02653 0.1382
rs670211 0.2505 0.4466 0.8297 0.7748 0.6167 0.9733 0.4117 0.02273 0.3006 0.6899 0.4298 0.5954 0.8163 0.5252 0.871 0.394 0.6442 0.8605 0.8245 0.5023 0.4409 7.338e-12 0.5061
