CHI3L1 CXCL16 FABP4 FS HGF hK11 HSP_27 IL.1ra KIM.1 MMP.10 MMP.12 MMP.3 NT.pro_BNP TM U.PAR
rs11568819 0 0 0 0 0 0.0440999993284823 0 0 0 0 0 0 0 0 0
rs12796179 0 0 0 0 0 0 0 -0.0297597917407864 0 0 0 0 0 0 0
rs116936690 0 0 0 0 0 0 0 0 0 0.164681289702342 0 0 0 0 0
rs526215 0 0 0 0 0 0 0 0 0 0 0 -0.150389149532812 0 0 0
rs111379446 0 0 0 0 0 0 0 0 0 0.156456660699134 0 0 0 0 0
rs313389 0 0 0 0 0 0 0 0 0 -0.0720629722618967 0 0 0 0 0
rs60812746 0 0 0 0 0 0 0 0 0 -0.0774395711542102 0 0 0 0 0
rs193280350 0 0 0 0 0 0 0 0 0 0 -0.115175255890801 0 0 0 0
rs115081445 0 0 0 0 0 0 0 0 0 0 0 0 0 0 -0.124040586561549
rs112784168 0 0 0 0 0 0 0 0 0 0 0 0 0 0 0
rs11608458 0 0 0 0 0 0 0 0 0 0 0 0 0.0226968783565174 0 0
rs4512994 0 0 0 0 0 0 0 0 0 0 0 0 0 0 0
rs76790102 0 0 0 0 0 0 0 0 0 0 0 0 0 0.0439313634122306 0
rs112424812 0 0 -0.079 0 0 0 0 0 0 0 0 0 0 0 0
rs76751661 0 0 0 0 -0.0586240638783698 0 0 0 0 0 0 0 0 0 0
rs117334020 0 0 0 0 0 0 0 0 0 0 0 0 0 0 -0.0578776351180472
rs2302524 0.0249293398988256 0 0 0 0 0 0 0 0 0 0 0 0 0 0
rs8104447 0 0 0 0 0 0 0 0 0 0 0 0 0 0 -0.0680000563218991
rs34861192 0 0 0 0 0 0 0.104006954707923 0 0 0 0 0 0 0 0
rs34124816 0 0 0 0 0 0 0 0 0 0 0 0 -0.0836478646168143 0 0
rs35547567 -0.081945011105498 0 0 0 0 0 0 0 0 0 0 0 0 0 0
rs1423096 0 0 0 0 0.0438885084072475 0 0 0 0 0 0 0 0 0 0
rs9859018 0 0 0 0 0 0 0 0 0.0295 0 0 0 0 0 0
rs2431353 0 0 0 0 0 0 0 0 0 0.0157400686851891 0 0 0 0 0
rs250727 0 0 0 0.0234151409667471 0 0 0 0 0 0 0 0 0 0 0
rs204993 0 0.0188163196299189 0 0 0 0 0 0 0 0 0 0 0 0 0
